144.325080
145.618585
146.912090
148.205595
149.499099
150.792604
152.086109
153.379614
154.673119
155.966624
157.260128
158.553633
159.847138
161.140643
162.434148
163.727653
165.021157
166.314662
167.608167
168.901672
170.195177
171.488682
172.782186
174.075691
175.369196
176.662701
177.956206
179.249711
180.543215
181.836720
183.130225
184.423730
185.717235
187.010740
188.304244
189.597749
190.891254
192.184759
193.478264
194.771769
196.065273
197.358778
198.652283
199.945788
201.239293
202.532798
203.826302
205.119807
206.413312
207.706817
209.000322
210.293827
211.587331
212.880836
214.174341
215.467846
216.761351
218.054856
219.348360
220.641865
221.935370
223.228875
224.522380
225.815885
227.109389
228.402894
229.696399
230.989904
232.283409
233.576914
234.870418
236.163923
237.457428
238.750933
240.044438
241.337943
242.631447
243.924952
245.218457
246.511962
247.805467
249.098972
250.392476
251.685981
252.979486
254.307456
255.669122
257.063713
258.490458
259.948588
261.437332
262.955921
264.503583
266.079550
267.683049
269.313313
270.969569
272.651048
274.356980
276.086594
277.839120
279.613789
281.409829
283.226471
285.062945
286.918479
288.792305
290.683651
292.591748
294.515825
296.455113
298.408840
300.376237
302.356533
304.348959
306.352743
308.367117
310.391309
312.424550
314.466068
316.515095
318.570860
320.632592
322.699521
324.770877
326.845891
328.923791
331.003808
333.085170
335.167109
337.248854
339.329635
341.408680
343.485221
345.558487
347.627708
349.692113
351.750933
353.803397
355.848735
357.886176
359.914951
361.934289
363.943421
365.941575
367.927981
369.901871
371.862472
373.809015
375.740731
377.656847
379.556596
381.439205
383.303905
385.149926
386.976497
388.782849
390.568211
392.331812
394.072884
395.790654
397.484354
399.153213
400.796461
402.413327
404.003042
405.564835
407.097935
408.601574
410.074980
411.517383
412.928013
414.306101
415.650875
416.961565
418.237402
419.477614
420.681432
421.848086
422.976806
424.066820
425.117360
426.127654
427.096933
428.024426
428.909363
429.750974
430.548488
431.301136
432.008148
432.668752
433.282179
433.847659
434.364421
434.831695
435.248712
435.614700
435.928889
436.190510
436.398792
436.552965
436.652317
436.696981
436.687721
436.625313
436.510537
436.344169
436.126989
435.859775
435.543304
435.178355
434.765705
434.306133
433.800417
433.249336
432.653666
432.014187
431.331676
430.606911
429.840671
429.033734
428.186878
427.300880
426.376520
425.414574
424.415822
423.381041
422.311009
421.206505
420.068306
418.897192
417.693939
416.459325
415.194130
413.899131
412.575106
411.222834
409.843092
408.436658
407.004312
405.546829
404.064990
402.559572
401.031352
399.481110
397.909623
396.317670
394.706027
393.075475
391.426790
389.760751
388.078135
386.379722
384.666289
382.938614
381.197419
379.443064
377.675765
375.895738
374.103197
372.298360
370.481441
368.652655
366.812220
364.960349
363.097259
361.223165
359.338283
357.442828
355.537017
353.621064
351.695185
349.759595
347.814511
345.860148
343.896722
341.924447
339.943540
337.954217
335.956692
333.951181
331.937901
329.917066
327.888892
325.853595
323.811390
321.762493
319.707119
317.645485
315.577805
313.504295
311.425171
309.340649
307.250943
305.156270
303.056845
300.952884
298.844602
296.732215
294.615938
292.495988
290.372579
288.245927
286.116248
283.983757
281.848670
279.711203
277.571571
275.429989
273.286674
271.141841
268.995705
266.848482
264.700388
262.551638
260.402448
258.253033
256.103609
253.954391
251.805596
249.657438
247.510133
245.363898
243.218947
241.075495
238.933760
236.793955
234.656298
232.521002
230.388285
228.258361
226.131446
224.007756
221.887506
219.770912
217.658189
215.549553
213.445220
211.345405
209.250324
207.160192
205.075225
202.995638
200.921648
198.853469
196.791318
194.735409
192.685959
190.643182
188.607295
186.578514
184.557053
182.543128
180.536956
178.538750
176.548728
174.567105
172.594096
170.629916
168.674782
166.728909
164.792512
162.865808
160.949011
159.042338
157.146003
155.260223
153.385213
151.521189
149.668366
147.826959
145.997185
144.179259
142.373397
140.579814
138.798725
137.030347
135.274894
133.532583
131.803629
130.088248
128.386655
126.699065
125.011476
123.323887
121.636297
119.948708
118.261119
116.573529
114.885940
113.198351
111.510761
109.823172
108.135583
106.447993
104.760404
103.072815
101.385225
99.697636
98.010046
96.322457
94.634868
92.947278
91.259689
89.572100
87.884510
86.196921
84.509332
82.821742
81.134153
79.446564
77.758974
76.071385
74.383796
72.696206
71.008617
69.321027
67.633438
65.945849
64.258259
62.570670
60.883081
59.195491
57.507902
55.820313
54.132723
52.445134
50.757545
49.069955
47.382366
45.694777
44.007187
42.319598
40.632009
38.944419
37.256830
35.569240
33.881651
32.194062
30.506472
28.818883
27.131294
25.443704
23.756115
22.068526
20.380936
18.693347
17.005758
15.318168
13.630579
11.942990
10.255400
8.567811
6.880221
5.192632
3.505043
1.817453
0.129864
