457.733388
457.303406
456.873424
456.443442
456.013459
455.583477
455.153495
454.723513
454.293530
453.863548
453.433566
453.003583
452.573601
452.143619
451.713637
451.283654
450.853672
450.423690
449.993708
449.563725
449.133743
448.703761
448.273778
447.843796
447.413814
446.983832
446.553849
446.123867
445.693885
445.263903
444.833920
444.403938
443.973956
443.543973
443.113991
442.684009
442.254027
441.824044
441.394062
440.964080
440.534098
440.104115
439.674133
439.244151
438.814168
438.384186
437.954204
437.524222
437.094239
436.664257
436.234275
435.804293
435.374310
434.944328
434.514346
434.084363
433.654381
433.224399
432.794417
432.364434
431.934452
431.504470
431.074488
430.644505
430.214523
429.784541
429.354558
428.924576
428.494594
428.064612
427.634629
427.204647
426.774665
426.344683
425.914700
425.484718
425.054736
424.624753
424.194771
423.764789
423.334807
422.904824
422.474842
422.044860
421.614878
421.170848
420.712795
420.240741
419.754709
419.254722
418.740803
418.212975
417.671260
417.115683
416.546266
415.963031
415.366003
414.755203
414.130655
413.492382
412.840406
412.174752
411.495441
410.802497
410.095943
409.375801
408.642095
407.894848
407.134082
406.359821
405.572088
404.770905
403.956296
403.128283
402.286890
401.432140
400.564055
399.682658
398.787973
397.880023
396.958829
396.024417
395.076807
394.116024
393.142091
392.155029
391.154863
390.141616
389.115309
388.075967
387.023612
385.958268
384.879957
383.788701
382.684525
381.567452
380.437503
379.294702
378.139073
376.970638
375.789419
374.595441
373.388726
372.169297
370.937177
369.692388
368.434955
367.164900
365.882245
364.587015
363.279231
361.958918
360.626097
359.280792
357.923026
356.552822
355.170202
353.775190
352.367809
350.948082
349.516031
348.071680
346.615052
345.146169
343.665055
342.171733
340.666225
339.148555
337.618746
336.076819
334.522800
332.956710
331.378572
329.788410
328.186247
326.572105
324.946007
323.307977
321.658037
319.996210
318.322520
316.636989
314.939640
313.230497
311.509582
309.776918
308.032529
306.276437
304.508665
302.729236
300.938173
299.135499
297.321238
295.495412
293.658043
291.809156
289.948773
288.076917
286.193611
284.298878
282.392741
280.475258
278.546988
276.608867
274.661839
272.706845
270.744831
268.776741
266.803517
264.826103
262.845444
260.862482
258.878162
256.893426
254.909220
252.926486
250.946168
248.969210
246.996556
245.029148
243.067932
241.113849
239.167846
237.230864
235.303847
233.387740
231.483485
229.592027
227.714310
225.851276
224.003870
222.173035
220.359715
218.564853
216.789394
215.034281
213.300457
211.588867
209.900454
208.236161
206.596932
204.983712
203.397443
201.839070
200.309535
198.809784
197.340758
195.903403
194.498661
193.127477
191.790794
190.489555
189.224705
187.997187
186.807945
185.657783
184.546612
183.473983
182.439451
181.442568
180.482885
179.559956
178.673333
177.822568
177.007214
176.226824
175.480951
174.769145
174.090961
173.445951
172.833666
172.253661
171.705487
171.188696
170.702841
170.247476
169.822151
169.426421
169.059837
168.721951
168.412317
168.130487
167.876013
167.648448
167.447345
167.272255
167.122732
166.998328
166.898596
166.823087
166.771355
166.742952
166.737431
166.754344
166.793243
166.853681
166.935212
167.037386
167.159757
167.301877
167.463299
167.643575
167.842258
168.058900
168.293054
168.544272
168.812107
169.096112
169.395838
169.710839
170.040666
170.384873
170.743012
171.114636
171.499296
171.896546
172.305938
172.727024
173.159358
173.602491
174.055976
174.519366
174.992212
175.474069
175.964488
176.463021
176.969221
177.482642
178.002834
178.529351
179.061746
179.599570
180.142377
180.689718
181.241147
181.796215
182.354476
182.915482
183.478785
184.043938
184.610494
185.178005
185.746023
186.314101
186.881792
187.448647
188.014220
188.578064
189.139730
189.698771
190.254739
190.807188
191.355669
191.899736
192.438940
192.972835
193.500972
194.022905
194.538185
195.046366
195.546999
196.039638
196.523835
196.999142
197.465112
197.921297
198.367250
198.802524
199.226671
199.639243
200.039793
200.427873
200.803037
201.164836
201.512824
201.846551
202.165572
202.469439
202.757704
203.029919
203.285638
203.524412
203.745794
203.967177
204.188559
204.409942
204.631324
204.852707
205.074089
205.295472
205.516854
205.738237
205.959619
206.181002
206.402384
206.623767
206.845149
207.066532
207.287914
207.509297
207.730679
207.952062
208.173444
208.394827
208.616209
208.837592
209.058974
209.280357
209.501739
209.723121
209.944504
210.165886
210.387269
210.608651
210.830034
211.051416
211.272799
211.494181
211.715564
211.936946
212.158329
212.379711
212.601094
212.822476
213.043859
213.265241
213.486624
213.708006
213.929389
214.150771
214.372154
214.593536
214.814919
215.036301
215.257684
215.479066
215.700449
215.921831
216.143214
216.364596
216.585978
216.807361
217.028743
217.250126
217.471508
217.692891
217.914273
218.135656
218.357038
218.578421
218.799803
219.021186
219.242568
219.463951
219.685333
219.906716
220.128098
220.349481
